-1.121610
-0.206236
0.040674
0.075778
0.222299
0.273522
-0.105518
0.510849
-0.239413
-0.008646
0.062826
-0.050558
-0.252116
-0.463090
0.353552
0.083392
0.010123
-0.052311
-0.105168
-0.024739
-0.371692
-0.167406
-0.428000
-0.156942
-0.443873
-0.159203
-0.308667
-0.183800
-0.545503
-0.207406
-0.097652
0.095434
0.136986
0.145879
0.147527
-0.152892
0.004328
-0.280645
0.108131
0.207819
-0.223784
0.341545
-0.155674
-0.158153
-0.029139
-0.022773
0.148950
-0.191384
-0.339694
0.136598
-0.282939
-0.249789
-0.283160
9.469174
-2.175607
-0.532742
-0.079808
0.124225
-0.427413
0.259259
-0.177393
0.014540
0.212163
0.223957
0.031339
-0.169000
0.032087
-0.382169
0.291131
0.073990
0.004690
-0.358311
-0.125943
0.125029
0.352005
-0.043155
-0.012627
-0.058292
0.256407
-0.296363
-0.019754
-0.267819
0.129547
-0.092969
0.173110
-0.209351
-0.242876
-0.287252
0.056737
0.021671
0.024831
0.033060
-0.115865
-0.033072
-0.500529
0.032027
-0.092378
0.161326
-0.125890
0.008155
-0.001778
-0.214994
-0.059435
0.095326
0.560665
0.048334
-0.132538
-0.299721
0.154096
0.458997
-0.108719
0.183547
0.060286
0.149994
-0.291745
0.328068
0.287020
-0.047174
0.022151
-0.259277
0.254359
0.035019
0.189740
-0.225383
-0.283177
0.102222
-0.298201
-0.881801
