-0.542132
0.066168
0.040827
0.135837
0.123754
0.200789
0.040363
0.242424
0.045365
0.243188
0.095783
0.380882
0.182438
-0.224414
0.482597
0.040595
-0.000551
0.014882
-0.105925
-0.078503
-0.137767
-0.133251
-0.161285
0.218722
-0.232005
-0.038213
-0.079897
-0.145756
0.088542
-0.061496
-0.006500
-0.012012
0.094324
0.256029
0.168892
0.003105
0.202275
0.120942
0.185471
0.149157
-0.058909
0.301869
0.497486
0.248321
0.305510
0.294839
0.277969
0.145083
0.293202
0.059828
0.172140
-0.207441
0.371982
79.373405
-10.834250
-1.488589
-0.213783
0.092372
-0.056370
0.155704
-0.037682
0.497528
0.091675
0.318129
0.256107
0.045838
0.277999
-0.027515
0.205573
0.154328
0.061905
0.070204
0.052113
0.031590
0.117844
0.181864
0.077551
0.118710
0.225919
0.013380
0.002576
-0.036971
0.063208
0.146002
0.160422
-0.201930
0.230022
-0.044423
0.157181
-0.089722
0.162023
0.125256
-0.200347
0.034297
-0.130534
0.402819
-0.039150
0.256663
0.136046
0.102303
-0.064389
-0.147832
0.052871
-0.041008
0.421525
0.187504
0.036103
0.225658
0.206463
0.175980
0.097348
0.210965
0.168606
0.385227
0.009997
0.151880
0.142825
0.123807
0.283218
0.218067
0.486504
0.242346
0.286957
0.104462
0.067585
0.157532
-0.124090
-0.264839
