-0.091718
0.117251
-0.126311
-0.139254
-0.018624
-0.128332
-0.103645
0.120929
-0.278551
0.026217
-0.066284
-0.013909
-0.244294
-0.415306
0.243429
-0.244496
-0.080985
-0.353273
-0.432933
-0.285803
-0.448810
-0.262398
-0.375354
-0.202090
-0.535051
-0.246454
-0.293005
-0.411879
-0.232078
-0.344403
-0.385420
-0.261365
-0.152955
-0.174043
-0.275295
0.020178
-0.109756
-0.248789
-0.228649
-0.105130
-0.201959
0.032673
0.030917
-0.162523
-0.056416
-0.038027
-0.038103
-0.131786
1.796624
0.008506
0.149522
0.568354
5.859440
89.005314
4.036626
0.469347
0.068854
0.031142
1.659788
-0.125518
0.036201
-0.468146
-0.178620
0.005949
1.721096
-0.197187
1.936051
-0.339428
-0.265560
-0.247736
-0.243164
-0.265583
-0.422930
-0.272706
-0.288712
-0.323029
-0.290655
-0.329141
-0.280309
-0.347683
-0.439520
-0.323927
-0.336899
-0.341943
-0.325829
-0.564172
2.224307
-0.294427
-0.331841
-0.462952
-0.349921
-0.290787
-0.489623
-0.388859
1.924595
0.004880
-0.294290
-0.245503
-0.360855
-0.328903
-0.435491
-0.544992
-0.310177
-0.307369
-0.148854
-0.257599
1.292210
-0.127119
-0.216743
-0.252430
-0.327675
-0.323129
-0.466528
-0.220810
-0.312773
-0.341423
-0.290629
-0.296126
-0.247662
1.727405
-0.212480
-0.428705
-0.154058
-0.397529
1.507751
-0.256594
-0.468168
-0.273360
