-0.068296
0.116707
-0.075976
-0.101910
-0.109053
0.012032
-0.068261
0.083436
-0.289927
-0.007437
0.022077
-0.047567
-0.222017
-0.356880
0.135062
-0.104251
-0.315135
-0.386708
-0.251816
-0.343289
-0.536190
-0.254997
-0.521606
-0.200713
-0.603378
-0.419741
-0.440333
-0.384420
-0.297419
-0.208200
-0.208271
-0.317780
-0.200433
-0.167462
-0.294678
0.125431
-0.149349
-0.192390
-0.237142
-0.144524
-0.227423
0.065152
-0.002519
-0.223809
-0.127838
-0.032625
-0.050459
-0.148263
1.774850
-0.047899
0.264915
0.509986
5.851228
88.198898
4.759690
0.550096
0.028413
0.021839
1.635017
-0.055214
-0.031248
-0.436649
-0.164094
-0.079361
1.674394
-0.247570
1.931327
-0.417798
-0.124327
-0.203305
-0.180790
-0.292028
-0.455288
-0.286106
-0.420968
-0.252693
-0.397925
-0.168901
-0.288726
-0.530853
-0.369165
-0.321521
-0.188545
-0.337347
-0.375178
-0.624497
2.225471
-0.351894
-0.265490
-0.392444
-0.242612
-0.237164
-0.492146
-0.423374
1.871824
-0.115515
-0.298812
-0.317834
-0.334426
-0.440191
-0.286250
-0.583456
-0.281699
-0.342852
-0.199299
-0.311065
1.419320
-0.240558
-0.286077
-0.191110
-0.368103
-0.255732
-0.520053
-0.304304
-0.195446
-0.279015
-0.411042
-0.211777
-0.200281
1.776601
-0.240024
-0.498077
-0.077755
-0.528862
1.512049
-0.249187
-0.531542
-0.222969
