-0.044908
0.145503
-0.074915
-0.058766
-0.180898
-0.132808
-0.102207
0.052487
-0.319844
-0.099077
-0.043902
-0.160004
-0.350453
-0.480777
0.149202
-0.248017
-0.194226
-0.320573
-0.363526
-0.325168
-0.574955
-0.503704
-0.526512
-0.123419
-0.634250
-0.340647
-0.364242
-0.487234
-0.258335
-0.288981
-0.373899
-0.257732
-0.048434
-0.075387
-0.282493
0.138268
-0.125058
-0.273121
-0.248875
0.019370
-0.277384
0.020253
0.062716
-0.007875
-0.149559
-0.041366
-0.029452
-0.149145
1.586683
-0.052994
0.261648
0.666869
6.045106
74.766059
5.705693
0.761347
-0.029959
0.130444
1.468618
-0.081021
0.027534
-0.371977
-0.193019
-0.057259
1.505224
-0.200559
1.817846
-0.370676
-0.216948
-0.246049
-0.325508
-0.226929
-0.499016
-0.248082
-0.298832
-0.191396
-0.354784
-0.275577
-0.347396
-0.317838
-0.374882
-0.445191
-0.284369
-0.269202
-0.339948
-0.557425
2.007858
-0.284798
-0.406014
-0.426355
-0.290246
-0.297087
-0.494995
-0.439020
1.739109
-0.054212
-0.293700
-0.446397
-0.318097
-0.359000
-0.409964
-0.513257
-0.419403
-0.419624
-0.109941
-0.352675
1.242207
-0.195254
-0.188947
-0.191793
-0.248958
-0.298356
-0.405570
-0.362648
-0.126423
-0.319683
-0.339695
-0.221534
-0.156939
1.626278
-0.219416
-0.371691
-0.024492
-0.508454
1.389755
-0.226886
-0.587311
-0.122222
