-0.279838
0.175925
0.008278
0.114232
0.081062
0.248060
0.042878
0.197723
-0.007979
0.086921
-0.027709
0.243602
-0.107718
-0.319688
0.342118
-0.013993
0.004862
-0.178541
-0.224429
0.002770
-0.309079
-0.143793
-0.145715
0.045490
-0.322427
-0.093670
-0.135257
-0.189266
0.066560
-0.096030
-0.192961
-0.100646
-0.013266
0.152579
-0.066653
-0.205109
0.030956
-0.056169
-0.145971
0.148563
-0.050193
0.398094
0.191582
0.057199
0.110259
0.135619
0.150585
-0.057173
0.262563
0.126153
0.186254
0.184408
2.670730
116.982282
-3.012916
-0.527102
0.111540
0.124929
-0.082096
0.168902
0.065036
0.333895
-0.116902
0.388480
0.165972
-0.002461
0.228723
-0.135709
0.183948
0.118636
-0.062646
-0.074907
0.062528
0.049925
0.105760
-0.038611
-0.030140
0.022116
-0.045667
-0.062950
-0.044114
-0.095408
0.046321
-0.101360
0.088590
-0.265522
0.254373
-0.095762
-0.074471
-0.270368
0.038427
0.093639
-0.187103
-0.114275
-0.062201
0.209717
-0.093707
0.147016
-0.095244
-0.094132
-0.154996
-0.057580
-0.040780
-0.059755
0.273716
-0.063035
-0.130761
0.065406
0.167746
0.171955
-0.086067
0.065346
-0.009055
0.139769
-0.200289
0.110997
-0.005992
0.010315
0.068718
0.087195
0.090099
-0.069157
0.167382
-0.112832
-0.130449
0.241772
-0.267578
-0.477523
