0.052139
0.110000
0.170790
-0.038392
0.051633
-0.032720
0.080539
-0.030469
-0.100321
-0.015839
0.048415
-0.056955
-0.111299
-0.120367
-0.031929
-0.011617
-0.223322
-0.099193
-0.094368
-0.185712
-0.134653
-0.257565
-0.062171
-0.200481
-0.105736
-0.239309
-0.048263
-0.066925
-0.148256
0.064554
-0.148543
-0.109536
-0.026130
0.070218
-0.150166
-0.085999
0.077218
-0.032620
-0.043544
0.001777
0.098230
-0.172555
0.000020
0.047552
-0.126357
-0.070140
-0.063909
-0.031674
0.853144
0.132511
-0.100622
0.135459
-0.117786
0.137395
-0.096117
-0.101499
-0.021730
0.169100
1.050605
0.028480
0.055366
0.027809
0.021453
0.163954
0.802807
0.046310
0.769035
0.216998
-0.029687
0.184075
0.075489
0.732600
161.923179
3.299852
0.040475
0.336856
0.107277
0.009763
-0.082247
-0.131205
-0.080305
-0.194656
-0.129970
-0.120932
-0.042597
0.033258
0.826476
-0.066272
-0.299019
-0.090832
-0.164022
-0.125591
-0.108448
-0.180876
0.903530
-0.076047
-0.112290
-0.208197
-0.171661
-0.202486
-0.219303
-0.248370
-0.290167
-0.179330
-0.239031
-0.158317
0.447904
-0.138588
-0.066254
-0.273522
-0.406581
-0.249240
-0.330768
-0.233903
-0.286659
-0.396311
-0.401185
-0.151838
-0.417356
0.743478
-0.372251
-0.218079
-0.406856
-0.376182
0.524959
-0.440548
-0.384383
-0.334066
