0.163711
0.072728
0.266255
-0.000972
0.153050
-0.159039
0.019010
-0.067750
-0.069887
0.048649
-0.049947
-0.090307
-0.175834
-0.123645
0.055625
-0.105100
-0.199270
-0.110673
-0.109703
-0.132317
-0.137117
-0.186057
-0.099547
-0.108800
-0.120172
-0.167827
-0.049234
-0.133200
-0.194526
0.069138
-0.095025
-0.264595
0.003515
0.160587
-0.170799
-0.169133
0.125810
-0.095118
-0.169907
0.143242
0.137840
-0.144243
-0.052553
-0.088814
0.077991
0.123276
-0.190549
-0.171110
0.826992
0.085328
-0.089238
0.185067
-0.130161
0.270766
-0.104561
0.098639
-0.013352
-0.036058
0.930665
-0.051081
-0.001056
0.030401
-0.145817
0.119601
0.814569
-0.015368
0.839420
0.094703
-0.051217
0.140837
0.015430
0.649229
163.100654
3.875296
-0.009844
0.217735
0.080261
-0.078628
0.000295
-0.101797
-0.198746
-0.107278
-0.104413
-0.003333
0.111688
-0.049033
0.907436
-0.285492
-0.293368
-0.098256
-0.194346
-0.333165
-0.122907
-0.291074
0.945137
-0.170568
-0.152493
-0.118986
-0.250271
-0.207299
-0.168068
-0.177259
-0.278788
-0.117864
-0.202570
-0.313832
0.662750
-0.076435
-0.119090
-0.270061
-0.332230
-0.319607
-0.411729
-0.208447
-0.331173
-0.459020
-0.418037
-0.181536
-0.378348
0.811868
-0.459029
-0.099008
-0.371872
-0.381805
0.672121
-0.216296
-0.311617
-0.390951
