0.093929
0.025881
0.205443
-0.056989
0.051406
-0.132983
0.016118
-0.154703
0.059295
-0.018152
0.009056
-0.011267
-0.129873
-0.109454
-0.012208
0.059797
-0.249013
-0.176504
-0.183586
-0.222038
-0.310886
-0.304764
-0.218402
-0.165428
-0.156980
-0.179587
-0.111101
-0.007217
-0.322319
0.072260
-0.151867
-0.156601
-0.063357
0.193705
-0.223696
-0.117033
0.120969
-0.036999
-0.148825
-0.082388
0.068077
-0.158063
-0.077440
0.033187
-0.102512
-0.013454
-0.114506
-0.191027
0.836152
0.060323
-0.156123
0.100231
-0.026088
0.325990
-0.117420
0.000010
-0.028207
0.131976
0.932848
-0.120968
0.086986
0.000537
0.024062
-0.050219
0.884664
0.050642
0.924673
0.145681
-0.016209
0.043059
0.129554
0.521290
163.190762
4.290793
0.068047
0.275738
0.063342
-0.121652
-0.123478
-0.275621
-0.230824
-0.160982
-0.183344
0.012798
-0.006021
-0.050972
0.900664
-0.161603
-0.264179
-0.072210
-0.046329
-0.121350
-0.240727
-0.178111
1.036274
-0.170459
-0.232301
-0.159751
-0.230064
-0.246084
-0.188869
-0.145097
-0.275706
-0.277549
-0.276399
-0.090960
0.766114
-0.170215
-0.125017
-0.266002
-0.321989
-0.205791
-0.341756
-0.234437
-0.247198
-0.450905
-0.291977
-0.099461
-0.298109
0.951026
-0.421932
-0.147712
-0.355697
-0.368709
0.681452
-0.361873
-0.290459
-0.337724
