0.116218
0.065279
0.229767
-0.123386
0.217536
-0.193477
0.021487
-0.033284
0.016778
0.048331
0.018414
-0.007724
-0.224240
-0.086157
0.043108
-0.141598
-0.205629
-0.132106
-0.261098
-0.193763
-0.361420
-0.348333
-0.250973
-0.116138
-0.172431
-0.140232
-0.071702
-0.084719
-0.206993
0.030778
-0.140273
-0.209116
-0.102958
0.279094
-0.249208
-0.146571
0.025469
-0.033629
-0.100513
-0.011996
0.123501
-0.169675
-0.077975
-0.021344
0.075766
-0.039881
-0.167152
-0.060656
0.736604
0.029886
-0.156637
0.103651
-0.089635
0.238364
-0.137993
0.002536
-0.002750
0.031449
0.910155
-0.078579
0.041367
0.032995
-0.049348
-0.022741
0.879118
-0.043733
0.895868
0.098198
-0.038700
0.211197
0.105043
0.515026
163.349724
4.686111
0.079550
0.310062
0.038815
-0.120101
-0.068993
-0.157161
-0.302197
-0.223592
-0.126862
-0.069580
0.071287
0.003498
0.844014
-0.294970
-0.246781
-0.124614
-0.088843
-0.180874
-0.167391
-0.192670
0.930724
-0.165061
-0.142757
-0.108370
-0.210806
-0.193756
-0.196484
-0.161494
-0.302203
-0.247131
-0.170012
-0.130574
0.738152
-0.106859
-0.126613
-0.350407
-0.229570
-0.191264
-0.325248
-0.257048
-0.264798
-0.300535
-0.352441
-0.097067
-0.374700
0.852290
-0.367663
-0.292391
-0.380285
-0.332195
0.627614
-0.412569
-0.349033
-0.314660
