-0.265472
0.006524
0.262180
-0.009222
0.346862
0.088505
0.105848
-0.061954
0.255947
0.008602
-0.037115
0.200467
-0.051079
-0.132766
0.170383
-0.028401
-0.040444
-0.013890
-0.123924
-0.038436
-0.076349
-0.249054
-0.142729
-0.004853
-0.133238
-0.144866
-0.086279
-0.122250
0.036121
0.091017
0.009693
0.044068
0.034493
0.178568
0.046899
0.214554
0.213764
0.229664
0.035721
-0.010681
0.253631
-0.081293
0.069307
0.087946
0.048187
0.135309
-0.032852
-0.022372
-0.099089
0.208162
0.019575
0.197917
0.105604
0.290700
-0.045716
0.221702
0.095505
0.093659
0.047395
0.103757
0.219828
0.181286
0.125889
0.123565
-0.082603
0.165404
0.198207
0.200511
0.137667
0.093615
-0.026595
-0.200374
127.673378
-3.072556
-0.653735
0.354472
0.174154
0.058187
-0.109668
-0.175946
0.008063
-0.004344
0.031430
0.186718
0.079606
0.029849
-0.215645
0.010147
-0.110431
0.037537
0.112423
-0.127471
-0.020102
0.043671
-0.150034
0.054077
0.027308
0.197851
0.109394
-0.174326
0.034833
0.119677
-0.144942
0.022937
0.059229
0.067921
0.142946
0.078413
0.126723
-0.061188
-0.019395
0.015118
0.146905
0.019416
-0.138425
-0.079193
-0.077137
0.096213
-0.079444
0.038712
-0.022452
0.174923
-0.064988
-0.129979
0.028110
-0.028135
-0.145636
-0.522104
