1D 255 -512,000000 260608,000000	[nbin xmin xmax]
"X"	"Function_0"
0,000000	1,891186
1024,000000	3,842975
2048,000000	7,594375
3072,000000	10,749688
4096,000000	14,310859
5120,000000	17,807656
6144,000000	21,089609
7168,000000	24,906250
8192,000000	28,031641
9216,000000	31,460313
10240,000000	35,415781
11264,000000	38,573438
12288,000000	42,004453
13312,000000	44,986484
14336,000000	48,546016
15360,000000	51,940703
16384,000000	55,248828
17408,000000	58,370547
18432,000000	61,909844
19456,000000	65,057969
20480,000000	68,325859
21504,000000	71,569531
22528,000000	74,648984
23552,000000	77,812891
24576,000000	80,822734
25600,000000	84,134297
26624,000000	87,151172
27648,000000	90,028906
28672,000000	93,145547
29696,000000	96,386953
30720,000000	99,395391
31744,000000	102,310781
32768,000000	105,632734
33792,000000	108,185000
34816,000000	111,058047
35840,000000	113,959531
36864,000000	116,743516
37888,000000	119,496953
38912,000000	122,674453
39936,000000	124,761094
40960,000000	127,421562
41984,000000	130,168672
43008,000000	133,023984
44032,000000	135,597422
45056,000000	138,094297
46080,000000	140,868984
47104,000000	143,606953
48128,000000	145,695078
49152,000000	148,307500
50176,000000	150,655781
51200,000000	152,862891
52224,000000	155,521797
53248,000000	157,750078
54272,000000	160,125234
55296,000000	162,394219
56320,000000	164,556641
57344,000000	166,563359
58368,000000	168,996641
59392,000000	170,874609
60416,000000	172,868438
61440,000000	175,139609
62464,000000	177,263438
63488,000000	179,526484
64512,000000	181,251172
65536,000000	183,736250
66560,000000	185,263672
67584,000000	187,677812
68608,000000	189,435469
69632,000000	191,046719
70656,000000	192,925234
71680,000000	194,543125
72704,000000	196,736328
73728,000000	198,124219
74752,000000	199,956094
75776,000000	201,482578
76800,000000	203,083828
77824,000000	204,567578
78848,000000	206,101172
79872,000000	207,688359
80896,000000	209,294531
81920,000000	210,720937
82944,000000	212,107188
83968,000000	213,758594
84992,000000	215,168750
86016,000000	216,738672
87040,000000	217,870469
88064,000000	219,053984
89088,000000	220,603594
90112,000000	221,917812
91136,000000	223,078594
92160,000000	224,276172
93184,000000	225,395625
94208,000000	226,539766
95232,000000	227,861016
96256,000000	228,955703
97280,000000	230,109531
98304,000000	231,352656
99328,000000	232,225078
100352,000000	233,392734
101376,000000	234,274766
102400,000000	235,245234
103424,000000	236,211328
104448,000000	237,113516
105472,000000	238,077969
106496,000000	238,703828
107520,000000	239,810469
108544,000000	240,676953
109568,000000	241,781563
110592,000000	242,345078
111616,000000	243,131172
112640,000000	243,876094
113664,000000	244,568750
114688,000000	245,375625
115712,000000	246,134531
116736,000000	246,933359
117760,000000	247,715859
118784,000000	248,326250
119808,000000	248,898984
120832,000000	249,668672
121856,000000	250,230938
122880,000000	250,916328
123904,000000	251,400781
124928,000000	251,995000
125952,000000	252,582891
126976,000000	253,106172
128000,000000	253,726562
129024,000000	254,240938
130048,000000	254,637500
131072,000000	255,299375
132096,000000	255,578672
133120,000000	255,998047
134144,000000	256,440313
135168,000000	256,942578
136192,000000	257,345937
137216,000000	257,542266
138240,000000	258,103594
139264,000000	258,553672
140288,000000	258,959844
141312,000000	259,443203
142336,000000	259,763594
143360,000000	260,122969
144384,000000	260,408516
145408,000000	260,844063
146432,000000	261,191563
147456,000000	261,588984
148480,000000	261,914375
149504,000000	262,172813
150528,000000	262,446250
151552,000000	262,767422
152576,000000	263,052187
153600,000000	263,435234
154624,000000	263,598281
155648,000000	263,988125
156672,000000	264,147500
157696,000000	264,294062
158720,000000	264,631094
159744,000000	264,915547
160768,000000	265,124141
161792,000000	265,442344
162816,000000	265,484844
163840,000000	265,704141
164864,000000	265,885391
165888,000000	266,031563
166912,000000	266,174062
167936,000000	266,418125
168960,000000	266,677656
169984,000000	266,906016
171008,000000	266,959688
172032,000000	267,080781
173056,000000	267,269766
174080,000000	267,413516
175104,000000	267,463359
176128,000000	267,697578
177152,000000	267,714922
178176,000000	267,875000
179200,000000	267,761875
180224,000000	267,948672
181248,000000	268,192578
182272,000000	268,331328
183296,000000	268,331719
184320,000000	268,407734
185344,000000	268,556641
186368,000000	268,663125
187392,000000	268,722109
188416,000000	268,995391
189440,000000	268,918906
190464,000000	268,921016
191488,000000	269,128672
192512,000000	269,218359
193536,000000	269,208281
194560,000000	269,183203
195584,000000	269,377422
196608,000000	269,525391
197632,000000	269,680859
198656,000000	269,728125
199680,000000	269,650234
200704,000000	269,654922
201728,000000	269,911172
202752,000000	269,933438
203776,000000	270,095469
204800,000000	270,128828
205824,000000	270,215781
206848,000000	270,333125
207872,000000	270,293906
208896,000000	270,417891
209920,000000	270,428047
210944,000000	270,723828
211968,000000	270,631250
212992,000000	270,860234
214016,000000	270,801719
215040,000000	270,746641
216064,000000	270,724297
217088,000000	270,776016
218112,000000	270,824766
219136,000000	270,819219
220160,000000	270,756328
221184,000000	270,784922
222208,000000	270,791641
223232,000000	270,776797
224256,000000	270,862656
225280,000000	270,785000
226304,000000	270,886328
227328,000000	270,808125
228352,000000	270,682500
229376,000000	270,860937
230400,000000	270,809609
231424,000000	271,005625
232448,000000	270,809609
233472,000000	270,945625
234496,000000	270,905156
235520,000000	270,977813
236544,000000	270,981641
237568,000000	270,978437
238592,000000	270,912656
239616,000000	270,951016
240640,000000	270,951094
241664,000000	271,026172
242688,000000	270,915703
243712,000000	271,000703
244736,000000	271,018984
245760,000000	271,069766
246784,000000	271,113047
247808,000000	271,030469
248832,000000	270,931641
249856,000000	270,887969
250880,000000	271,032578
251904,000000	271,082031
252928,000000	271,010781
253952,000000	271,107266
254976,000000	271,098047
256000,000000	270,993125
257024,000000	271,032813
258048,000000	271,112344
259072,000000	271,108125
260096,000000	271,046016
