#lambda/nm	DC	C1
208.295	638.2	641
208.67	561	559.4
209.045	528.2	523.2
209.419	517.4	517.2
209.794	611.4	613.2
210.169	612	608.6
210.544	689.4	692.8
210.919	638.2	635.2
211.295	623.2	626
211.67	630.6	638.6
212.045	626.6	629.2
212.421	623	621.2
212.796	646.2	650.4
213.172	620.6	623.4
213.547	626.6	630.2
213.923	635.2	633.4
214.299	623.4	628.4
214.675	634.4	637.8
215.051	640.8	643.2
215.427	637	646.6
215.803	645.8	654.4
216.179	644	643.2
216.555	642.6	642.6
216.932	648.8	645.6
217.308	650	659.8
217.684	652	648.4
218.061	647.2	651
218.438	652.4	655.4
218.814	655.6	659
219.191	661	668.2
219.568	670	669.8
219.945	661.2	670
220.322	671.4	675
220.699	662.6	672.6
221.076	664	679.8
221.453	663.4	671.8
221.83	668	673.2
222.208	669.6	665.6
222.585	664.4	668.2
222.962	670.8	678.4
223.34	671.4	683.2
223.717	667.6	678.8
224.095	674.6	680.8
224.473	667.6	677.4
224.851	669.6	676.8
225.229	675.8	668.8
225.607	686.6	696
225.985	681	690
226.363	684.6	693
226.741	697.6	686
227.119	691	690.6
227.497	705.8	704.4
227.876	694.6	695
228.254	701	709.8
228.633	693.2	709.2
229.011	704.4	703.2
229.39	702.4	708
229.769	716.2	719.2
230.148	705	708.6
230.527	733.2	728.2
230.905	713.2	723.6
231.284	719.4	721.8
231.664	716.6	721.8
232.043	730.8	733.6
232.422	726.8	733.4
232.801	726	736
233.181	734.4	734
233.56	728.8	733.4
233.94	747.2	748.6
234.319	750.2	739.4
234.699	747.2	742.2
235.079	785	779.4
235.458	781.6	784.2
235.838	780.2	779.8
236.218	766.6	761.4
236.598	766.6	771.6
236.978	775.6	776.6
237.358	777.8	778
237.738	777	772
238.119	785.6	778.2
238.499	792.6	789.6
238.88	796.6	783.8
239.26	808.4	802.4
239.641	781.6	797.8
240.021	807	803.2
240.402	805	804.4
240.783	812	808.8
241.163	815	804.4
241.544	825.8	817.2
241.925	824	823.8
242.306	831.2	820.4
242.687	819.8	812.2
243.069	815	814.6
243.45	815.2	817.6
243.831	801.6	807.6
244.212	804	802.8
244.594	822	824
244.975	802	799.6
245.357	794.8	797.8
245.739	782	790.6
246.12	789.4	791.6
246.502	777.2	786.2
246.884	763.8	763.6
247.266	760.8	758
247.648	754.6	746
248.03	750.2	760
248.412	737.2	738.6
248.794	735.8	737.4
249.176	734	726.8
249.559	733.2	726.4
249.941	712	706.8
250.323	705.6	699.4
250.706	699.4	698
251.089	693.6	700.2
251.471	688.6	701.2
251.854	689.6	691.4
252.237	690	684
252.62	681.2	686
253.002	675.6	668.2
253.385	665.6	669
253.769	678.2	674.2
254.152	652	655.4
254.535	659.8	667.6
254.918	654	643.2
255.301	648.6	641
255.685	644.2	639.8
256.068	634.4	636.2
256.452	653.2	655.6
256.835	645	641.6
257.219	635.6	633.6
257.603	642.6	641.2
257.986	627.6	625.6
258.37	639.2	631.6
258.754	618.6	627
259.138	632.2	637.4
259.522	634	633.8
259.906	624.8	625.6
260.29	626.4	623.6
260.675	628.2	622.8
261.059	625.6	626.2
261.443	618.6	617.4
261.828	628.8	634
262.212	628.4	624.8
262.597	621.6	621.4
262.981	626.2	625.8
263.366	631.4	632.6
263.751	624	616.6
264.136	627.2	625.6
264.521	624.2	622.4
264.906	625.6	618.8
265.291	630.2	632.8
265.676	617.8	631
266.061	629.2	631.2
266.446	634	639
266.831	627.2	630.6
267.217	639.2	639.2
267.602	635.6	628.6
267.987	630.8	629
268.373	630.2	632.4
268.759	634.2	636.8
269.144	633.8	632.6
269.53	621	619.4
269.916	630.2	624.2
270.302	627.4	623.2
270.688	631.4	626.4
271.074	628.4	628.2
271.46	642.8	634.6
271.846	648.4	646.8
272.232	629.4	629.2
272.618	622.4	624.8
273.004	630	627.6
273.391	635.4	632
273.777	634	633.8
274.164	630	634.8
274.55	636	642.4
274.937	633.2	631.2
275.324	631.4	623.2
275.71	634.4	625.8
276.097	631.4	632.6
276.484	619.6	624.6
276.871	624.2	634.4
277.258	630.4	632.8
277.645	613.8	616.4
278.032	620.6	627.4
278.419	618.2	629.2
278.807	633.8	633.6
279.194	621.6	619
279.581	614	629.6
279.969	634	634.8
280.356	631.2	624.2
280.744	624.2	628.2
281.131	640.8	640.2
281.519	635	640.2
281.907	618.6	625.2
282.295	616	625
282.682	638	637.8
283.07	633.8	630
283.458	631.2	632.2
283.846	638.4	626.2
284.235	631.8	639.4
284.623	638.8	636.2
285.011	630	631.2
285.399	631	635
285.788	627.8	627.8
286.176	620.6	619.8
286.565	642.2	634.2
286.953	624.2	621.8
287.342	627.2	629
287.731	625.2	627
288.119	624.6	618.6
288.508	619.4	632.6
288.897	631	624.2
289.286	622	622
289.675	637.6	632.2
290.064	631.4	631.4
290.453	613.6	626
290.821	626	623.4
291.21	641	637
291.599	628.8	630.6
291.989	630.8	630
292.378	632.6	634.4
292.768	636.4	637.8
293.157	635.8	632
293.547	635.4	631
293.936	630	621.8
294.326	629.6	622.4
294.716	636	623.4
295.106	630.6	628.8
295.496	633	620.4
295.886	640.2	632.8
296.276	629.8	632.2
296.666	623	623.6
297.056	624	629
297.446	623.4	623.6
297.836	638	635
298.227	630.4	623.8
298.617	620.6	628.2
299.008	639.2	643.2
299.398	629.8	625.2
299.789	626.8	618
300.179	632.6	620.8
300.57	640.4	637.6
300.961	630.4	625.8
301.352	629.4	620
301.742	632.2	634.2
302.133	626.8	623.6
302.524	625	629
302.915	626.4	627.8
303.307	620.4	613
303.698	632	633.2
304.089	634.2	624.2
304.48	628.8	623.4
304.872	634.4	633
305.263	630.2	630.6
305.655	622	630.6
306.046	630	630.6
306.438	631.4	627.4
306.829	614	621
307.221	639	636.4
307.613	632.2	635.4
308.005	637.4	631.8
308.397	636.6	627.6
308.789	646.6	632.8
309.181	648.8	643
309.573	635.4	634
309.965	635.6	637.6
310.357	635.4	618.4
310.749	628.4	631
311.142	626.8	623.6
311.534	623.8	622.8
311.926	633.4	629.8
312.319	624.2	621
312.711	618	625.6
313.104	641	631.2
313.497	621	626.6
313.889	651.2	651
314.282	639.6	636
314.675	638.4	646.4
315.068	626.4	623.2
315.461	629.6	631.6
315.854	649.2	649
316.247	629.2	637.8
316.64	623.6	626.4
317.033	629.4	633.6
317.405	630.8	633.6
317.798	625.4	621.4
318.192	633.8	632.4
318.585	626.4	628
318.979	633.2	632.2
319.372	622	624.8
319.766	625.6	623.8
320.16	629.4	632.6
320.553	633.6	634
320.947	635.4	646
321.341	634.8	630.8
321.735	629	622.6
322.129	613	628.4
322.523	637	641.6
322.917	632	627.4
323.311	638.2	631.2
323.705	629.8	625.4
324.099	633	631.8
324.494	630.4	631.8
324.888	634.2	631.6
325.282	621.8	630.4
325.677	634.6	627.4
326.071	636.8	630
326.466	630	637
326.861	626.8	630
327.255	632.4	634
327.65	639.4	634.2
328.045	649.4	634.4
328.44	633.6	628
328.835	625.4	635.4
329.23	619.6	626.6
329.625	641	650.8
330.02	621.4	620.6
330.415	647.4	640
330.81	635	629
331.206	620.2	627
331.601	627.8	628.2
331.996	638.2	633.4
332.37	639.4	644.4
332.766	629.4	621.6
333.161	641.4	643
333.557	632.6	624.2
333.953	630.4	625
334.348	760.8	753
334.744	627.2	631.2
335.14	622.4	617.6
335.536	622.8	620.4
335.932	636.4	636.8
336.328	625.4	629.6
336.724	633	636.2
337.12	632.6	628.2
337.516	639.6	635
337.913	630	629.8
338.309	634.6	633
338.705	622.2	627.4
339.102	634.2	630.4
339.498	624.8	624.8
339.895	641.6	637.2
340.291	622.4	628.8
340.688	634.2	634.4
341.085	623.6	629.4
341.481	636.2	626.8
341.878	628.2	627.4
342.275	640.4	642.2
342.672	627.6	627.6
343.069	621.2	628
343.466	619.6	631.6
343.842	638.4	632
344.239	619.6	625.2
344.636	628.4	627.6
345.033	630	623.6
345.431	617.6	609.2
345.828	626.8	630
346.225	627.4	632.8
346.623	648.2	651.4
347.02	624.8	623.4
347.418	628.8	646.4
347.816	633	635.4
348.213	620.2	626.4
348.611	631.8	628.4
349.009	619	625.2
349.407	626.6	633.4
349.805	621.2	628.2
350.203	624.8	620.6
350.601	638	631.6
350.999	631.4	623.2
351.397	663.6	664.2
351.795	622.4	626.8
352.193	633	629.8
352.57	642.2	626
352.969	637.2	628
353.367	622.8	625
353.766	627.4	623.8
354.164	631.2	626.2
354.563	634.6	634.4
354.961	627	626
355.36	627	623.8
355.759	638	623
356.158	620.8	617.2
356.557	623	620.6
356.956	621.6	618.6
357.355	622.6	623
357.754	627.6	624.8
358.153	635	632
358.552	648.2	641
358.951	624	639.8
359.35	638.4	634
359.75	626.6	615.6
360.149	629.4	620
360.527	615.4	616.4
360.926	626.8	620.8
361.326	633.8	626.6
361.726	629.8	631.4
362.125	619.6	622.2
362.525	628.8	627.6
362.925	625.2	628.4
363.325	625.8	622.4
363.724	627.6	630.8
364.124	619.4	625.2
364.524	624.8	628.4
364.924	625	631.6
365.324	636.8	630
365.725	624.6	620.8
366.125	637.2	630.8
366.525	630	633.6
366.904	624.6	633
367.304	614	617.2
367.705	636.8	636.6
368.105	637.6	639.6
368.506	627	626.6
368.906	628.8	632.4
369.307	633.2	621.2
369.708	629.4	628.2
370.108	623.4	627.4
370.509	631.8	635.4
370.91	624	623
371.311	633.8	628.2
371.712	638.2	629.2
372.113	630.2	631
372.514	624.4	624.2
372.894	626.2	626.2
373.295	630.2	623.8
373.696	641	637.4
374.097	630.2	632.6
374.499	647.4	645.4
374.9	633.2	635.4
375.301	631.8	628
375.703	626.8	626.2
376.105	629.4	620.6
376.506	628.2	633
376.908	638.6	630.8
377.309	622	632.8
377.711	637.2	629
378.113	628.8	627
378.493	633	632
378.895	624.8	629.8
379.297	630.8	626.8
379.699	621.2	621.2
380.102	635.8	640.8
380.504	621.6	632
380.906	630.4	623
381.308	639.8	648.4
381.71	635.4	629.2
382.113	641.4	636.6
382.515	636	629.4
382.918	635	636.6
383.299	635.4	635.2
383.701	632.2	640
384.104	630.2	638.4
384.507	618.4	619.2
384.909	630.6	636.6
385.312	628.6	629.8
385.715	631.8	633
386.118	633.6	625.2
386.521	628.4	631.4
386.924	638.8	634.8
387.327	630	634
387.709	634.4	627.2
388.112	620.2	626.4
388.515	633.6	634.8
388.918	639.6	639
389.322	639	633.4
389.725	632.4	628.4
390.129	649.8	646.2
390.532	632.2	639
390.936	629.2	628.4
391.339	628	636
391.743	637.4	640.2
392.125	632.8	632.6
392.529	644.8	644.2
392.933	650.8	645
393.337	631.8	642
393.74	639.2	634.8
394.144	632.6	643.4
394.548	632.2	634.2
394.953	637.6	633.4
395.357	648	642.4
395.761	630.6	641.6
396.144	642.4	635.8
396.548	635.8	638.8
396.952	635	643.6
397.357	637.6	640.4
397.761	643.4	633.2
398.166	642.8	639
398.57	640.2	644.4
398.975	634.4	635.4
399.379	638.4	648.2
399.763	665.4	663.4
400.168	647.2	642.2
400.572	640.4	646.2
400.977	648.8	645.6
401.382	661.4	664.2
401.787	651	646.2
402.192	654	658.4
402.597	657.6	660.8
403.002	643.8	643
403.386	667.4	665.6
403.791	671.8	666
404.197	654.8	658.8
404.602	666	661.6
405.007	671	667.6
405.413	672.6	676.4
405.818	681.2	679.8
406.224	675.8	675.2
406.608	688	680.4
407.014	690.4	683.4
407.42	709.2	699.8
407.825	695.2	698
408.231	719.8	710.2
408.637	714	732.6
409.043	743.2	723.6
409.449	734.2	733.6
409.834	736.2	745.4
410.24	756.8	758.4
410.646	774.2	775.6
411.052	775.2	775.8
411.458	799.6	794.4
411.865	814.6	808.2
412.271	830.2	824.8
412.677	831	835.2
413.062	850.2	854.8
413.469	879.8	876.4
413.875	908.4	919.8
414.282	933.4	929.6
414.689	948	944.2
415.095	975.6	979.6
415.502	997.4	993.4
415.888	1033.6	1034.8
416.294	1053.2	1063.8
416.701	1121.8	1123
417.108	1128	1123
417.515	1169	1176.4
417.923	1208.8	1209.4
418.33	1265.6	1260.8
418.715	1308	1321.2
419.123	1340.2	1340.2
419.53	1393.2	1390.4
419.937	1428.2	1440.2
420.345	1501.8	1497.2
420.752	1538.8	1569.4
421.16	1610.2	1623.8
421.546	1665	1674
421.953	1745.6	1740.6
422.361	1798.4	1795.8
422.769	1886	1900.2
423.177	1949.8	1977.6
423.585	2053	2065.4
423.992	2131.2	2135
424.379	2217	2234.6
424.787	2329.4	2307.8
425.195	2409.2	2418.4
425.603	2519.2	2521.8
426.011	2635.2	2636
426.419	2765.8	2771.2
426.806	2889.6	2890.6
427.214	3009	3012
427.623	3151.6	3164.4
428.031	3289.2	3331.4
428.44	3456.6	3447
428.848	3650	3627
429.235	3784.4	3828
429.644	3983.2	3980.2
430.053	4140.2	4178.8
430.461	4386.8	4393.6
430.87	4602	4606.2
431.279	4778.6	4803.2
431.666	5025.6	5043.6
432.075	5266.2	5302
432.484	5512.2	5553.4
432.893	5768.8	5789
433.302	6068	6104.4
433.711	6352.2	6384
434.099	6615.6	6654
434.508	6915.4	6982.4
434.918	7200.2	7341.2
435.327	7543.8	7668.8
435.737	7916	8010.6
436.125	8256.8	8363.2
436.534	8630.8	8731.8
436.944	9043.6	9128.6
437.353	9372.8	9498.8
437.763	9825.2	9944
438.173	10201.6	10374.4
438.561	10610.4	10818.6
438.971	11069.4	11237.6
439.381	11546.6	11743.6
439.791	12080.8	12221.8
440.201	12515.2	12763.8
440.589	13091.8	13246.8
440.999	13628.4	13907.6
441.409	14178.4	14465.6
441.819	14783.2	15034
442.23	15487.6	15737.2
442.619	16137.6	16408.8
443.029	16814.2	17037.8
443.439	17578.2	17821.6
443.85	18304.6	18580.4
444.26	19178.4	19464.6
444.649	20007.4	20294.2
445.06	20945	21211.6
445.471	21857.6	22045.4
445.881	22866.6	23105
446.292	23931.8	24122.4
446.682	24930.4	25193.4
447.092	26032.6	26342.2
447.503	27211.4	27432.6
447.914	28366.2	28621
448.325	29536.8	29770.2
448.715	30790.8	31013.2
449.126	31903.2	32214.8
449.537	33087.4	33493.8
449.948	34258.4	34559.8
450.338	35376.2	35671.4
450.75	36622.4	36801.4
451.161	37563.6	37906
451.572	38484.4	38829.8
451.984	39361.8	39776.6
452.374	40235	40512.8
452.786	40897	41238.2
453.197	41529.8	41742.2
453.609	41861.8	42194
453.999	42093.8	42480.2
454.411	42152.6	42562.8
454.823	42254.4	42715.8
455.235	42164	42538
455.647	41832	42284.6
456.037	41504.8	41843.6
456.449	41067	41307.8
456.862	40399.6	40761.6
457.274	39682.2	40064.8
457.665	38820.2	39259
458.077	38062.8	38309
458.489	37116.2	37467.2
458.902	36155.4	36530.6
459.293	35124.6	35545
459.705	34130	34529.6
460.118	33171.8	33520
460.53	32215.8	32586.4
460.921	31295.4	31632.8
461.334	30433.2	30723.6
461.747	29535.8	29860.6
462.16	28743.6	29090
462.551	27977.2	28315.2
462.964	27195	27604
463.377	26593	26909.2
463.79	26019	26330.6
464.182	25472.8	25779
464.595	24970	25234.2
465.008	24473.6	24754.8
465.421	24005	24361.4
465.813	23582	23962
466.226	23252.6	23525.6
466.64	22881.4	23188.4
467.053	22516	22860.2
467.445	22227.8	22482.4
467.859	21773.8	22161.8
468.272	21471.4	21859
468.686	21106.2	21458.2
469.078	20840	21100.4
469.492	20434.8	20757.2
469.906	20091.2	20390.2
470.298	19647.4	20012.6
470.712	19326.4	19635.4
471.126	18948.8	19315.8
471.54	18532.8	18902.2
471.933	18122.8	18507.4
472.347	17738.4	18082
472.761	17265	17659
473.175	16900	17258.6
473.568	16538.4	16857.8
473.982	16160	16487.6
474.397	15780.6	16109.8
474.79	15421	15748.4
475.204	15080	15392.2
475.619	14737.4	15117.2
476.033	14469.2	14792.4
476.426	14152	14498.2
476.841	13914.4	14203.6
477.256	13635.4	13980.2
477.649	13398.6	13729.4
478.064	13183	13522
478.479	13024.6	13298.2
478.872	12867.4	13141.6
479.287	12745.6	12979.2
479.702	12564.6	12907.4
480.118	12525.4	12820.2
480.511	12450.4	12736.6
480.927	12359.2	12640.2
481.342	12336	12679.4
481.736	12274	12587.8
482.151	12207.4	12553
482.566	12261.4	12563
482.96	12268.6	12560
483.376	12301	12627.8
483.792	12305	12631.8
484.186	12363.4	12621
484.602	12375	12661
485.017	12417	12763.2
485.412	12521.2	12784.2
485.827	12551	12840.6
486.243	12626.8	12874.8
486.638	12710.4	12972.8
487.054	12730.8	13080.6
487.47	12845.2	13141.8
487.865	12989.2	13187.4
488.281	13097	13268.6
488.697	13172.4	13424.4
489.092	13270.2	13617.8
489.508	13358.6	13660
489.925	13483.8	13843.4
490.32	13648.6	13935
490.736	13800.8	14054.6
491.153	13931.2	14144.6
491.548	14150	14359
491.964	14284.6	14482.2
492.381	14428.4	14654.6
492.776	14598.2	14831
493.193	14794	15067.8
493.61	14995.6	15249.6
494.006	15192.8	15454.8
494.422	15411.4	15663.6
494.84	15656.6	15880.4
495.235	15805.6	16101.2
495.652	16072.2	16314.8
496.069	16269.4	16512
496.465	16539.2	16779.2
496.883	16793.4	17001
497.3	17088	17321
497.696	17348.8	17576.2
498.113	17661.4	17823.8
498.509	17937.2	18093.2
498.927	18122.4	18321.2
499.344	18404.8	18659.8
499.741	18667.4	18929.8
500.158	18941.6	19171.2
500.576	19160.8	19368.6
500.973	19446	19693.6
501.39	19790.2	19956.8
501.787	19979.8	20208.6
502.205	20272.6	20423.2
502.623	20492	20755.4
503.02	20775.6	20984
503.438	21051.6	21264.6
503.856	21313.8	21548
504.253	21532.4	21798.6
504.671	21859.8	22030.2
505.068	22077.2	22351
505.486	22400	22574.2
505.905	22624.8	22761.4
506.302	22854.8	23099.2
506.72	23112.2	23273.4
507.118	23338	23534
507.536	23616	23874.6
507.955	23847.6	24032.6
508.352	24066.8	24303
508.771	24346.4	24556.2
509.169	24603.6	24707
509.587	24770.4	25031.2
510.006	25076.4	25239.2
510.404	25256	25426
510.823	25549	25671
511.221	25714.8	25870.4
511.64	25970.6	26087.2
512.038	26146.4	26299
512.457	26395.4	26493.6
512.877	26577.8	26665.2
513.275	26745.8	26982
513.694	27013.8	27202.2
514.092	27204	27405.6
514.512	27441.8	27591.4
514.91	27668.6	27800
515.33	27801	27990.2
515.749	28008.6	28198.2
516.148	28217.2	28400.2
516.568	28411.6	28526
516.966	28602	28794.6
517.386	28807.8	28919.4
517.785	28979.6	29140.8
518.205	29190.4	29350.6
518.603	29389.6	29473.6
519.024	29541.4	29665.2
519.444	29759.4	29839
519.843	29916	29969
520.263	30012.6	30102.4
520.662	30204	30376.4
521.082	30403.6	30503.8
521.481	30530.8	30647
521.902	30674	30879.8
522.301	30901	30968.8
522.722	30979.8	31118.6
523.121	31163.2	31386.8
523.542	31382.4	31436
523.963	31450.8	31578.2
524.362	31492.2	31717.8
524.783	31686.2	31890.8
525.183	31801	31936.6
525.604	32063.4	32081.8
526.003	32204	32266.4
526.425	32215.8	32348.2
526.824	32383.4	32488.2
527.246	32497	32557.2
527.646	32590.8	32693.6
528.067	32698.4	32899.8
528.467	32910.8	33015.8
528.888	32991	33082.8
529.289	33060.6	33266.4
529.71	33251.4	33390
530.11	33366.8	33542.2
530.532	33458.2	33615.8
530.932	33613.6	33780.8
531.354	33776.6	33911.6
531.755	33877.6	34053
532.176	34054.6	34104.6
532.577	34141.8	34300.4
532.999	34383.2	34370.2
533.4	34444.6	34442
533.822	34517.2	34678.8
534.223	34719	34781.8
534.645	34861.4	34921.6
535.046	35028	35070.6
535.468	35113.2	35189.8
535.869	35361.6	35367.8
536.292	35471.8	35630
536.693	35717	35691.4
537.115	35779.4	35832.2
537.516	35962	36008
537.939	36060.6	36185.8
538.34	36247.2	36305
538.742	36368	36547.6
539.165	36549.6	36651.4
539.566	36687.6	36737.6
539.989	36925.6	36970.2
540.391	37013.6	37091
540.814	37106.4	37253
541.216	37252.8	37414
541.639	37534.8	37537.4
542.041	37658.6	37594.6
542.464	37697.6	37847.8
542.866	37918.6	38038.6
543.268	37943.8	38070.4
543.691	38061	38253
544.093	38323.6	38325.8
544.517	38437.8	38453.4
544.919	38483	38564
545.343	38647.8	38758.8
545.745	38772.6	38889.2
546.147	38888.8	38968
546.571	39003.6	39085.8
546.974	39108	39272
547.398	39347.6	39365.4
547.8	39514	39444
548.224	39493.6	39652.4
548.627	39739.4	39785.4
549.03	39868.2	39816
549.454	39981.2	40076
549.857	40072.4	40172.2
550.281	40138.2	40279
550.684	40293.2	40302
551.087	40480.6	40547.6
551.512	40567.2	40638.8
551.915	40735.2	40707.4
552.34	40783.4	40931.4
552.743	40954.6	40965.2
553.146	41141.6	41245.6
553.571	41227.6	41287.6
553.975	41367.8	41457.6
554.399	41479.8	41506
554.803	41625.6	41772.4
555.207	41744.4	41809
555.632	41849.2	41935.4
556.036	42099.6	42057.2
556.461	42171.4	42186.2
556.865	42167.4	42366.6
557.268	42435.4	42391.8
557.694	42667.4	42752.4
558.098	42654.2	42750.6
558.502	42858.6	42906.2
558.927	42973	43118.4
559.332	43082.6	43119.2
559.736	43193.2	43290
560.162	43404.4	43430.4
560.566	43515.2	43588
560.992	43700.2	43800.4
561.396	43904	43895
561.801	44100	44134.8
562.227	44107.2	44232.6
562.631	44331.2	44356.8
563.036	44374.6	44554.8
563.462	44566	44626.4
563.867	44808	44811.2
564.272	44912.6	45102.4
564.698	45053.4	45150.2
565.103	45292.6	45292.2
565.508	45452.2	45464.8
565.935	45621.8	45604.2
566.34	45730.2	45780.2
566.745	45980	45973
567.172	45964.8	46049.8
567.577	46137.8	46227.2
567.982	46310	46369.4
568.409	46487.2	46618.6
568.815	46643.2	46616.6
569.22	46679.8	46702.2
569.626	46885.6	46928
570.053	47025.4	47048.8
570.459	47129.2	47226.6
570.865	47380	47317.4
571.292	47511.4	47566
571.698	47576.8	47677
572.104	47667.6	47678.2
572.531	47844.8	47827.8
572.937	47964.2	48037.8
573.343	48100.8	48149.8
573.75	48221.8	48365.6
574.177	48406.8	48498.6
574.583	48409.6	48544.4
574.99	48657.2	48704.6
575.396	48805.2	48761.4
575.824	48746.4	48971.4
576.231	49028.6	49086.8
576.637	49155.6	49147.8
577.065	49207	49369.6
577.472	49394	49473.8
577.879	49476	49512
578.286	49597.4	49612.4
578.714	49681.2	49773
579.121	49785	49817.6
579.528	49876	49943.2
579.935	49999.2	50110.8
580.364	50310.2	50211
580.771	50278.8	50198.8
581.178	50415.2	50387.8
581.585	50358.4	50442.4
582.014	50541	50465.8
582.421	50663	50634.2
582.829	50710	50630.8
583.236	50753.8	50936.6
583.644	50872.2	50872.8
584.073	50867.2	50939.8
584.481	50908.8	51021.6
584.889	51048.8	51134.8
585.296	51039.6	51195.8
585.726	51204	51164
586.134	51359.4	51211.6
586.542	51273.8	51314.6
586.95	51335.2	51538.8
587.358	51474.4	51426.2
587.787	51526.4	51461.6
588.196	51570.2	51484
588.604	51534.8	51499.8
589.012	51502.2	51626.6
589.421	51665.6	51637.6
589.851	51699.4	51703.8
590.259	51706.8	51581.4
590.668	51685.4	51826.2
591.076	51676.6	51715.4
591.485	51772.4	51718
591.894	51716.8	51836.4
592.324	51807.4	51743.4
592.733	51827.6	51811.4
593.142	51870.8	51845.2
593.551	51737.6	51691.6
593.96	51801	51871.8
594.369	51752.6	51806.4
594.8	51803.6	51886.6
595.209	51880.2	51798.6
595.618	51802	51829.6
596.028	51761.4	51693.6
596.437	51711.2	51695.6
596.847	51702.2	51773
597.256	51723.2	51823.8
597.687	51701.8	51617.8
598.097	51610.4	51646
598.507	51563.6	51649
598.917	51447.2	51624.6
599.327	51526.2	51459.2
599.736	51398.6	51516
600.146	51393.6	51418.4
600.556	51238.4	51276.6
600.988	51177	51269
601.398	51219.2	51143.4
601.808	51149.6	51195.2
602.219	51080.8	51100.4
602.629	50922.4	51024.2
603.039	50781.8	50863.8
603.45	50746.6	50742.4
603.86	50619.6	50662.4
604.271	50544.4	50580.2
604.703	50432.4	50477.4
605.114	50363	50424.8
605.525	50326.4	50276.2
605.935	50162.8	50265.6
606.346	50146	50061.6
606.757	49960.8	50042.6
607.168	49834	49886.2
607.579	49732.2	49690.2
607.99	49566.6	49611.6
608.402	49510.6	49599.4
608.813	49351.2	49500
609.224	49201.4	49223.4
609.636	49020.4	49082
610.047	49014	48877
610.48	48844	48828.4
610.892	48617	48717.8
611.303	48602.6	48692.8
611.715	48445.6	48508
612.127	48267.8	48277
612.539	48143.8	48161.8
612.95	47955.6	48012.8
613.362	47925.2	47847.4
613.774	47658.4	47807
614.186	47547.2	47589.8
614.599	47434	47417.4
615.011	47171.2	47173.6
615.423	47062.2	46996.8
615.835	46773.2	46784
616.248	46633.2	46632.4
616.66	46369	46368.8
617.073	46151	46208.4
617.485	45976.6	46079.4
617.898	45760.8	45930.6
618.311	45596.8	45693.8
618.723	45420.2	45479.6
619.136	45248.6	45251.6
619.549	45027.8	45048.6
619.962	44803.4	44830.6
620.375	44533.6	44595.8
620.788	44299.4	44351.8
621.201	44138.2	44237
621.614	44056.2	44099.8
622.028	43778.6	43867.4
622.441	43571	43617.6
622.854	43409.2	43342.2
623.268	43123	43135.8
623.681	42855.4	42922.4
624.095	42660.8	42627.2
624.509	42578.8	42486
624.922	42285	42392.8
625.336	42036.4	42040.6
625.728	41866	41801.4
626.142	41499	41560
626.556	41443.6	41294.6
626.97	41125.4	41114.8
627.384	40878	40867.6
627.799	40632.2	40688.8
628.213	40371.4	40448.2
628.627	40165.2	40177.8
629.041	39983.8	39958
629.456	39737.6	39716.8
629.87	39488	39472.6
630.285	39298.6	39206.6
630.699	39031	39025.8
631.093	38767.2	38790
631.507	38545.8	38536.6
631.922	38285.2	38220
632.337	37968.4	37948
632.752	37662.8	37720
633.167	37417.8	37412.8
633.582	37095.6	37128
633.997	36850.6	36917.6
634.412	36595	36685.2
634.806	36328	36364.4
635.221	36150.2	36068.6
635.637	35846.4	35839
636.052	35524.8	35559.8
636.468	35223.2	35353.8
636.883	34992.4	34935
637.299	34669.6	34609.2
637.715	34382	34372.2
638.109	34116.6	34036
638.525	33714	33775.2
638.941	33507.6	33407.6
639.357	33084.8	33064.8
639.773	32841.2	32819.6
640.189	32445.2	32527.8
640.584	32206.6	32142.6
641	31910.2	31934
641.416	31638.4	31564.4
641.832	31320	31298
642.249	31010.4	30983
642.665	30709.2	30735
643.06	30425.2	30479.4
643.477	30153.6	30225
643.894	29970.6	29898.8
644.31	29671.6	29664.8
644.727	29331.4	29301.2
645.123	28959.6	29046
645.54	28689.2	28737.6
645.957	28511	28535.6
646.374	28202.6	28195.4
646.77	27951.4	27951.6
647.187	27774.8	27750.2
647.604	27535.2	27498.6
648.021	27246.4	27305.8
648.439	27073.6	27136.8
648.835	26867.2	26891.4
649.252	26706.2	26671
649.67	26512.2	26441
650.088	26213.2	26289
650.484	26064.8	26070.2
650.902	25813.8	25949.8
651.32	25554.8	25655
651.738	25450.8	25413
652.134	25079.8	25122
652.552	24893.8	24954
652.971	24793	24709
653.389	24523.2	24504.8
653.786	24282	24371.8
654.204	24066.6	24099.2
654.622	23815.8	23915
655.019	23628.6	23697.4
655.438	23438.2	23479.2
655.857	23222	23240
656.275	23054.4	23067.2
656.673	22776.2	22814.8
657.091	22641.4	22613.4
657.51	22428.4	22436.4
657.908	22216.4	22152.8
658.327	21957.4	21946.2
658.746	21709.8	21698.6
659.144	21471.8	21453.4
659.563	21252.8	21260.4
659.982	21073.8	21085.8
660.38	20812.4	20849.6
660.8	20608	20559.4
661.219	20380.6	20403.6
661.617	20134.8	20156.6
662.037	19904	19772.2
662.457	19689	19654
662.855	19425.4	19423.4
663.275	19284.4	19253
663.695	18989.2	19048.6
664.094	18788.4	18801
664.514	18545.8	18557.6
664.934	18343	18347.8
665.333	18120	18167
665.753	17786.4	17848.2
666.152	17613.4	17608
666.572	17408	17428.2
666.993	17194	17261.6
667.392	17031.8	17010.8
667.812	16804	16779
668.212	16611	16576.2
668.632	16385.6	16400.4
669.053	16152.6	16134
669.453	15971.2	15960.2
669.874	15777.4	15736.2
670.273	15589.2	15535.6
670.694	15347.8	15337.4
671.116	15142.4	15171.8
671.515	14995.4	14930.6
671.937	14711.8	14799.6
672.337	14615	14627.4
672.758	14437.6	14388
673.158	14226.2	14208.4
673.58	14053.8	14046.6
673.98	13830.4	13900.6
674.402	13718.8	13711
674.824	13497	13538.4
675.224	13309.6	13383.2
675.646	13185	13174
676.047	13078.2	13052.4
676.469	12851.4	12886.8
676.869	12685.8	12689
677.292	12592.2	12577.8
677.693	12434	12441.2
678.115	12303.4	12321
678.516	12171	12141.8
678.939	12006.2	12042.2
679.34	11877.4	11892
679.762	11706	11681.6
680.164	11566.8	11583.8
680.586	11480.6	11468.8
680.988	11345	11378
681.411	11313.8	11285.8
681.812	11175.6	11141.8
682.236	11024.2	11051.2
682.637	10920.4	10941.8
683.061	10832	10815.8
683.462	10677.6	10722.2
683.864	10624	10619.4
684.288	10538.8	10461
684.69	10401.8	10342.2
685.114	10342.2	10376
685.516	10215.6	10216.8
685.94	10146.6	10100.2
686.342	10042.4	10075.6
686.766	9966.4	9975
687.168	9884.8	9856.8
687.571	9802.4	9763.2
687.995	9721.4	9640.6
688.398	9615.6	9592
688.822	9547.8	9521.4
689.225	9422.6	9450.6
689.628	9377.8	9411.6
690.052	9294.8	9309.6
690.456	9204.8	9218
690.88	9141.4	9147.8
691.284	9032.4	9039.4
691.687	8982.4	8959
692.112	8896	8898.6
692.515	8828.4	8798.2
692.919	8734	8738.6
693.344	8663.4	8675.4
693.747	8572.6	8562.2
694.173	8527.6	8494.8
694.577	8461.8	8429.4
694.98	8371.4	8348.2
695.406	8250.6	8284
695.81	8203.4	8235.6
696.214	8118.2	8109.8
696.64	8061.6	8026.2
697.044	7963	7986
697.448	7902.4	7870.8
697.874	7788.4	7796
698.279	7716.6	7738
698.684	7660.8	7620.4
699.11	7580	7547.4
699.514	7488	7454.8
699.919	7441.4	7429.6
700.324	7352.8	7355.6
700.75	7242.2	7240.6
701.156	7161.4	7178.4
701.561	7105.8	7137.6
701.987	7046.4	7074.8
702.393	6977.2	6990
702.798	6890.8	6904.8
703.203	6824.2	6809.8
703.63	6730.4	6720.8
704.036	6644.2	6675.2
704.442	6609.4	6572.8
704.847	6538.4	6500.4
705.274	6470	6500.8
705.68	6369.6	6408.6
706.086	6294.2	6327.2
706.492	6221.4	6243.2
706.92	6137.4	6160.2
707.326	6070.8	6089.2
707.732	6033.8	6019.4
708.139	5937	5938.2
708.545	5867.6	5879.4
708.973	5780.6	5808.6
709.38	5747.2	5732
709.786	5681.2	5686.6
710.193	5617.8	5629.4
710.6	5534.2	5556
711.028	5474.8	5478.8
711.435	5410.4	5407.2
711.842	5373.2	5340.6
712.249	5309.6	5295.8
712.656	5268.2	5248.2
713.064	5167.2	5152.6
713.492	5117.6	5127.4
713.9	5078.6	5067
714.307	4993.8	5007.4
714.715	4962.6	4947.6
715.123	4913.6	4908.4
715.53	4862.2	4873.6
715.938	4791.6	4782.2
716.367	4763.8	4718.2
716.775	4712.4	4715.2
717.184	4606	4620.6
717.592	4586.6	4628.6
718	4550.8	4560.4
718.408	4512.2	4500.6
718.816	4431.4	4427
719.225	4360	4349.6
719.633	4354.6	4314.2
720.042	4267.6	4261
720.472	4234.2	4228.4
720.881	4207	4204
721.29	4129.2	4120.8
721.699	4076.2	4079.2
722.108	4045.4	4034.4
722.517	3963	4009
722.926	3976.8	3966
723.335	3905.8	3894
723.744	3844	3850.6
724.154	3819	3817.2
724.563	3758	3777
724.973	3743.6	3739.4
725.382	3680.6	3687
725.792	3646.6	3649
726.202	3599.2	3584.8
726.612	3556.2	3559.6
727.022	3511	3485.8
727.432	3459.4	3461
779.813	3444.2	3411
780.223	3395	3412.2
780.634	3338	3342.6
781.044	3314.4	3259
781.454	3270.4	3230.8
781.865	3230.8	3243.4
782.276	3188.4	3193.8
782.686	3161.4	3153
783.097	3099.4	3110.2
783.508	3095.8	3067.6
783.919	3048.6	3037.2
784.33	2992.4	2995.6
784.741	2971.2	2975.6
785.152	2937	2898.2
785.563	2885.4	2887.4
785.974	2850.8	2840.8
786.386	2817.8	2800.4
786.776	2779	2762
787.188	2735.2	2750.2
787.599	2714.8	2714.4
788.011	2696.2	2672.8
788.423	2654.2	2638
788.835	2618	2608.6
789.247	2571	2580.8
789.659	2570.8	2539
790.071	2517.4	2520.8
790.483	2525.8	2512.4
790.874	2466.8	2468.4
791.286	2431.8	2431.6
791.699	2397	2416.8
792.111	2379.2	2377.8
792.524	2359.4	2335
792.937	2323	2335
793.349	2302.8	2283.6
793.741	2265.2	2260.2
794.154	2236	2253
794.567	2231	2246
794.98	2195.4	2183.6
795.393	2185.6	2165.2
795.785	2162.8	2148
796.198	2130.4	2135.4
796.612	2102.6	2100
797.026	2080.8	2077.6
797.439	2055.2	2036.6
797.831	2030	2036.2
798.245	2005.8	2010.2
798.659	2004.2	1993.2
799.073	1963.8	1963.4
799.487	1954.2	1937.8
799.88	1915.8	1920
800.294	1904.8	1897
800.708	1882.8	1911.2
801.123	1865	1861.2
801.516	1871.8	1870.6
801.93	1821	1821
802.345	1790.4	1794.6
802.76	1780.4	1795.6
803.153	1778.2	1778.2
803.568	1742.8	1755.2
803.983	1739.8	1746.6
804.377	1714.8	1711.6
804.792	1692.2	1684.8
805.207	1676.8	1677.2
805.601	1661.6	1664.6
806.016	1671.6	1669.6
806.432	1620.4	1617.2
806.826	1632.2	1634.8
807.242	1592.6	1604.4
807.658	1584.8	1578.8
808.052	1557.2	1568
808.468	1556.6	1550
808.884	1539.8	1532.6
809.279	1527.6	1525.2
809.695	1520.2	1516.2
810.111	1498.4	1515.8
810.506	1486.8	1481.2
810.922	1489.4	1484.8
811.339	1462	1458
811.734	1445.8	1432
812.151	1437.4	1426
812.546	1415	1403.2
812.963	1407	1394.6
813.38	1398	1413.8
813.776	1376.8	1396.4
814.193	1369.6	1374
814.589	1361.2	1353.6
815.006	1352.2	1342.4
815.402	1332.4	1330
815.82	1334.4	1326.8
816.237	1335	1300.2
816.633	1309.4	1314.4
817.051	1279.4	1276.8
817.448	1286.8	1289.2
817.866	1259	1271.2
818.262	1279.8	1270.6
818.68	1239.8	1253.2
819.077	1239.2	1235.8
819.495	1233.2	1231.2
819.892	1254.8	1250.4
820.311	1205.8	1205.8
820.708	1204.8	1191
821.127	1191.2	1195
821.524	1189	1189.8
821.943	1174.6	1176.4
822.34	1184.4	1178.4
822.759	1147.8	1166.8
823.157	1148.2	1144.6
823.576	1154	1155.4
823.974	1136.8	1147.2
824.393	1150.4	1140.2
824.791	1122.6	1115
825.189	1121.4	1105
825.609	1111.2	1095.6
826.007	1106	1095
826.427	1085.6	1076.6
826.826	1092.6	1082.6
827.246	1078	1080
827.644	1078.4	1060.6
828.043	1072.2	1065.6
828.463	1042.6	1057.4
828.862	1056.8	1052
829.261	1050	1041.2
829.682	1037.2	1029
830.081	1038.8	1034.2
830.502	1024.4	1018.6
830.901	1021.4	1013.8
831.301	1016.2	1022.4
831.722	1002.6	998.6
832.121	1007.2	1007.8
832.521	989.4	985.4
832.943	999.8	995.2
833.342	991.4	979.2
833.742	984.2	967.8
834.164	979	970.8
834.564	964.4	971
834.965	963.8	961.8
835.386	967.4	961.4
835.787	962.4	941.4
836.188	948.6	955.2
836.588	950.6	936.6
837.01	937.8	942.2
837.411	931.6	932.4
837.812	940.2	940.6
838.213	926.8	921.2
838.636	919.2	924.8
839.037	950.8	950.4
839.438	910.2	908.6
839.84	913.8	905.8
840.263	907.6	905.8
840.664	909	893.4
841.066	902	895.8
841.468	890	887
841.891	887.4	882.6
842.293	880.6	887
842.695	890.2	885.8
843.098	876.6	876.8
843.5	874.8	874.4
843.902	881.6	877.6
844.326	882.8	866
844.729	864.4	856.6
845.131	870.6	868.4
845.534	862.8	859
845.937	857.6	857.8
846.34	853.8	857.2
846.764	850.4	848
847.167	844.4	834
847.571	844.2	827.2
847.974	833.4	833.6
848.377	832.4	831.2
848.781	859.4	857.6
849.184	837	832.8
849.588	824	820.6
849.992	816.6	819.6
850.396	813	825
850.821	834.8	832.8
851.225	810.6	822.2
851.63	807.2	805.6
852.034	822.2	821.2
852.438	813.8	809.8
852.843	823.4	825.8
853.247	806.2	801
853.652	798.6	795.6
854.057	806.8	810.2
854.462	792.4	795
854.867	794.2	800.8
855.272	807	812.2
855.677	798.4	797.6
856.082	782.2	781.4
856.487	784.2	776
856.893	775.8	781.2
857.298	785.4	771.4
857.704	770.6	771.4
858.11	780.8	773.6
858.516	780.2	771.4
858.922	768	771.2
859.328	770.4	768.4
859.734	767.4	771.6
860.14	769.2	767.6
860.525	768.8	752
860.931	753.8	751.4
861.338	758	755
861.745	767.2	757
862.151	760.2	758.8
862.558	758.2	754
862.965	747.8	743.8
863.372	747	739.2
863.779	742.4	738.4
864.186	761.6	758.8
864.572	744.6	741.2
864.98	760.8	750
865.387	754	749
865.795	742	740
866.203	750.6	743.2
866.61	734	725.8
867.018	734	744.2
867.405	737.4	742.4
867.813	723.4	725.8
868.221	729.4	727.8
868.63	718.6	720.6
869.038	732.2	736.4
869.425	747.4	748.8
869.834	721.6	719.4
870.243	715.2	726.2
870.652	716.4	712
871.039	721.4	722.2
871.448	710.4	713.4
871.857	716.4	714.6
872.266	720.2	706
872.654	718.6	706.8
873.064	703.8	705.8
873.473	708.6	714.2
873.883	710.2	703.6
874.271	707	699.8
874.681	707.8	711.8
875.091	696.4	699.4
875.48	714.6	709.8
875.89	715	708.8
876.3	691.4	700.6
876.689	696.2	694.8
877.1	690	690.8
877.51	692.2	699.6
877.9	707.2	703.6
878.31	679	701.8
878.721	705.8	705
879.111	690.8	693
879.522	682.8	687.2
879.933	685.6	685.8
880.323	680.2	681.8
880.734	684.4	678.4
881.125	679	681.6
881.536	687.2	679.2
881.948	681	677
882.338	686.4	673
882.75	679.2	687.8
883.141	683	677.4
883.553	673.6	678.8
883.944	691.2	687.2
884.356	682.6	681.2
884.769	672.2	668.6
885.16	686	670.6
885.573	678.4	667.2
885.964	668.2	657.4
886.377	666.8	674
886.768	666.6	661.6
887.181	660	660
887.573	658.4	668
887.987	658.2	670.2
888.378	675.4	664.6
888.792	661.6	668.8
889.184	693.4	696.2
889.598	655	660.8
889.99	658.6	668.4
890.383	654.6	661.4
890.797	654.2	644.4
891.19	664.2	667
891.604	659.2	659.8
891.997	653.4	651.2
892.411	642.4	650.6
892.805	652.6	655.4
893.198	650.6	653
893.613	642.8	653.6
894.006	648.8	647
894.421	647.6	645
894.815	653.8	648.2
895.209	650	648.6
895.624	676.6	668.6
896.018	657.4	654.4
896.412	645	653
896.828	649.4	641
897.222	655.8	642.8
897.617	642.8	637.2
898.033	659.6	658.2
898.427	648	654.6
898.822	646	638.8
899.239	636.8	635.4
899.634	635.2	636
900.029	640	646.6
900.424	637.6	633.6
900.841	641.8	627.4
901.236	649.2	647.2
901.632	643.2	643.4
902.027	671	679
902.445	638.2	644
902.841	638	634.6
903.237	625.8	632.8
903.633	648.4	645.4
904.05	639.4	638.8
904.447	637.6	633
904.843	642.8	638.4
905.24	641.6	625.8
905.636	626.8	628.8
906.033	628	626.2
906.451	632.6	636.4
906.848	626.6	630.2
907.246	627.4	629.2
907.643	626.8	631.8
908.04	626.6	630.2
908.438	630.2	627
908.835	629.6	627.6
909.254	621.8	620.2
909.652	630.8	635.6
910.05	622	625.6
910.448	625.2	615.6
910.846	617.4	616
911.244	623.6	619
911.643	620.4	624.2
912.041	611	618.6
912.44	630.4	617.2
912.839	611.4	608.8
913.237	612.2	616.8
913.636	612	618.2
914.035	624.8	625.4
914.434	615.2	610.4
914.834	626.6	618.8
915.233	619.4	618.6
915.633	614.8	614.2
916.032	617.4	614.8
916.432	612.6	605.8
916.832	630	628.2
917.232	617	613.8
917.632	605.4	613
918.032	616	614.2
918.432	614.2	611.2
918.833	609.4	612.6
919.233	607.8	609
919.634	609.4	607.4
920.035	623.8	603.8
920.436	605.4	599.8
920.837	614.8	610.6
921.238	616	599
921.639	603	611.8
922.019	614.2	608.4
922.42	607.6	606
922.822	609.6	612
923.224	611.8	604.2
923.625	608.4	603
924.027	611	610.6
924.429	626.4	612.2
924.81	605.4	609
925.212	605.8	611
925.615	610.8	607.4
926.017	599.4	599
926.42	613.8	607.6
926.801	606.8	604.4
927.204	600.6	599.4
927.607	613.6	612.4
928.01	619	607.4
928.413	608.8	609
928.795	591	595.8
929.199	602.6	595.8
929.602	608.8	596.2
930.006	602	604.4
930.388	595.8	598.4
930.792	607.8	600.2
931.196	595.8	594
931.579	623.2	624.2
931.983	593.6	598.6
932.388	632	619.8
932.771	599.2	603.2
933.176	598	598.4
933.58	593.8	605.2
933.964	608.8	602.8
934.369	589	593.6
934.774	602.2	600.4
935.158	595.2	592.2
935.563	592.4	603.8
935.947	590.8	604
936.353	608.8	603.6
936.759	593.6	596.8
937.143	603.2	599.4
937.549	599.4	598.6
937.934	607.2	602.6
938.34	609.6	609.2
938.746	601.4	585.2
939.131	601.6	598
939.538	601	603.2
939.923	604.8	604
940.33	593.8	593.6
940.716	594.8	592.6
941.123	594	598.4
941.508	602.4	607.6
941.916	604.2	609
942.302	601.4	596.4
942.709	589.8	591.6
943.096	598.4	585.2
943.503	598	602.4
943.89	593.8	592
944.298	595.6	593.6
944.685	602.2	603.4
945.072	588.6	596.6
945.48	598.4	604.4
945.867	593.8	592.2
946.276	593.4	590.8
946.663	610.6	610.4
947.051	606.2	605.8
947.46	597.4	599.6
947.848	598	597.8
948.257	589.6	594
948.645	594.4	597.8
949.033	593.2	586.6
949.443	586.4	592.2
949.831	615.4	617.6
950.22	590.6	590.4
950.63	593	591
951.018	602.4	605
951.407	590.6	590.2
951.796	580.6	586
952.207	592.8	586.6
952.596	590.8	586.6
952.985	583	581.8
953.375	618.6	613
953.786	590.8	585.2
954.176	585.2	574.8
954.566	593	595.8
954.956	581.4	579
955.367	595.2	589.2
955.758	603.4	599.4
956.148	580.6	580.6
956.539	598	595.2
956.929	593	589
957.341	582.8	587.4
957.732	590	585.6
958.123	596.6	592.4
958.515	581	583.2
958.906	593.6	589.6
959.297	587.6	584.2
959.689	587	588.4
960.102	577	584.6
960.494	589.8	590
960.886	586	595.8
961.278	588	587.4
961.67	603.4	606
962.062	609.6	606
962.455	586.4	589.2
962.847	577.8	579.2
963.24	593	578.2
963.633	587.4	590
964.026	578.6	579.4
964.419	585.4	587.8
964.812	592	597.8
965.206	580.4	584.4
965.599	590.6	591
965.993	588.2	589.2
966.386	588.2	587.4
966.78	595	594.2
967.174	590.4	592.8
967.569	583.8	588.8
967.963	581	579.2
968.357	581.2	583.4
968.752	578.2	583.6
969.146	578.4	588.6
969.541	586.2	574.4
969.936	579.8	588
970.331	583	584.6
970.705	584.4	588.8
971.1	583.8	588
971.496	585.8	590
971.892	582.4	585.6
972.287	587.6	583.6
972.683	575.6	582
973.079	581.4	592.2
973.454	597.4	597
973.85	586.2	589.2
974.247	588	588.4
974.643	600.2	602.2
975.04	588.4	586.4
975.415	582	582.4
975.812	577	578.6
976.209	592.2	583.4
976.607	582.4	579.6
976.982	592	585.4
977.38	596	593.2
977.778	586.4	578.6
978.175	587.8	584.4
978.552	586.4	583.6
978.95	588	575.6
979.348	588.6	588
979.725	612	613
980.123	587.8	580
980.522	585	580.6
980.899	581.8	577.8
981.298	577.8	583.2
981.697	583.8	585.2
982.075	581.2	583.8
982.474	590.4	583.2
982.852	583.6	584.4
983.251	588.8	591.8
983.651	579.8	582.6
984.029	581.8	590.2
984.429	586.4	576.2
984.808	581	578.8
985.208	579	579.2
985.609	575.8	574.2
985.987	579.6	580
986.388	574.8	589.2
986.768	583.4	592.8
987.168	583.6	582.4
987.548	588.4	588.4
987.949	589.8	581.4
988.329	588.6	594.8
988.731	582.8	575.6
989.111	580.6	588.4
989.491	585.8	579.4
989.893	589.4	589.8
990.273	592.2	587.4
990.676	578	579.8
991.057	576.6	582
991.459	583.8	588.4
991.84	584.8	583.4
992.221	580.2	575.6
992.624	589.8	596
993.006	589.4	588.4
993.388	578.4	584.8
993.791	590	593.6
994.173	597	579.6
994.576	600.8	599.6
994.959	581.6	577.8
995.341	584.4	579
995.724	580.4	584
996.128	584.2	576.4
996.511	592.2	592
996.894	568.8	588.8
997.298	584.6	580.4
997.681	587.8	588.2
998.065	580.4	589.4
998.448	579.4	578
998.854	592.2	600
999.237	581	577.2
999.621	589.4	585.4
1000.01	594.2	597
1000.39	587.6	587
1000.8	582.8	581
1001.18	582.6	586.4
1001.56	590.2	591.6
1001.95	589.8	589.6
1002.33	580.4	585
1002.72	578.4	581.2
1003.13	577.6	584.6
1003.51	582.8	583.2
1003.9	582.8	586
1004.28	593.2	600.6
1004.67	585.4	583.4
1005.06	590	584.4
1005.44	598.4	606.2
1005.83	575.8	577.2
1006.21	582.4	588.2
1006.6	584.4	578
1006.99	589.4	583
1007.37	584.4	588
1007.76	586.4	588
1060.12	579	581.6
1060.51	578.8	585.6
1060.89	585.4	587.4
1061.28	594.4	585.8
1061.67	597	588
1062.06	590.8	586.4
1062.45	589.4	586.4
1062.83	579.4	582
1063.22	589.2	590.6
1063.61	614	601.8
1064	583.6	579.8
1064.39	579	589.8
1064.78	584.8	581.8
1065.14	592.4	587
1065.53	585.6	579.4
1065.92	586.8	589
1066.31	585.8	579.8
1066.7	587	592
1067.09	597	592.6
1067.46	585	587.2
1067.85	588	581.4
1068.24	581.8	581.4
1068.63	582.8	582.6
1069.02	579	578.6
1069.39	589.6	580.2
1069.78	579.4	577.6
1070.17	583.6	581.6
1070.57	581.2	581.6
1070.93	590	587.4
1071.33	581.2	578.6
1071.72	585.6	586.2
1072.11	589.8	576
1072.48	573.6	576
1072.87	581.2	582.4
1073.26	581.2	582.8
1073.64	585.8	584.2
1074.03	579.2	581.4
1074.4	582.2	583.6
1074.79	583.8	585
1075.19	582.4	586.2
1075.56	584.4	587
1075.95	578.4	586
1076.34	586.6	587.8
1076.72	587.2	582.2
1077.11	580.8	585.4
1077.48	582.8	590.4
1077.88	584.6	584
1078.25	585	583.6
1078.64	587	585.4
1079.02	584.8	579
1079.41	591.6	595
1079.78	573.4	585.2
1080.18	582.2	581.8
1080.55	617	616.6
1080.95	581.6	576.4
1081.32	577.6	583
1081.72	586.2	577.6
1082.09	586.8	587.4
1082.49	584.2	579.2
1082.86	580	583.6
1083.24	578.6	583.4
1083.63	579.2	580.4
1084.01	585.4	585.2
1084.38	589.2	588.6
1084.78	584.2	586
1085.16	581.6	586.6
1085.55	593.4	592.6
1085.93	597.8	586
1086.31	585.6	587.6
1086.7	602.2	611.6
1087.08	587.2	585.4
1087.46	588.8	585.2
1087.83	574	586.2
1088.23	587.8	588.4
1088.61	592.4	578.8
1088.99	589	590
1089.36	589.2	581.6
1089.76	589	590.6
1090.14	580.6	581.4
1090.52	587.2	593.2
1090.9	583.6	587.6
1091.27	597.2	598
1091.67	599	597.6
1092.05	589.8	589.8
1092.43	585	588.4
1092.81	596	591
1093.19	589.6	601.2
1093.57	579.8	588.6
1093.95	589.4	594.6
1094.35	602.4	602.2
1094.73	599.6	592.6
1095.11	588.6	582.8
1095.49	588.2	575.8
1095.87	588.8	584.4
1096.25	592.6	593.2
1096.63	590	593
1097.01	587.4	587.6
1097.39	590.2	582.6
1097.77	594.2	588.6
1098.15	591.4	581.6
1098.53	587.4	585.4
1098.91	580.2	585.8
1099.29	597.2	582.6
1099.68	596.8	602
1100.06	598.8	596.2
1100.44	587.6	594.8
1100.82	598	589.2
1101.18	595.4	589.8
1101.56	582.8	588.6
1101.95	596.6	587
1102.33	592.2	595.2
1102.71	591.2	595.4
1103.1	580.8	584.4
1103.48	585.8	587.8
1103.86	588.4	583
1104.22	595.4	592
1104.61	589.8	596
1104.99	597.4	588.6
1105.38	584.2	584.4
1105.76	589.6	587.2
1106.12	594.2	595.2
1106.51	611	613
1106.89	598.4	593.6
1107.26	592.2	592
1107.64	592.2	593.6
1108.03	589.8	589
1108.41	585.8	586.2
1108.78	593.4	591.2
1109.16	588.2	586.4
1109.55	591.6	594
1109.91	584.4	587.6
1110.3	582	583.8
1110.69	581.6	598.8
1111.05	588	598.6
1111.44	590.4	585.2
1111.8	582.2	587.2
1112.19	597.4	584.8
1112.58	578.2	595.8
1112.94	593.2	590.8
1113.33	592.6	591.8
1113.7	586.4	584.8
1114.09	586.8	588.4
1114.45	585.8	584
1114.84	595.4	588.2
1115.21	598.2	603
1115.6	583.2	589.4
1115.96	588.4	594.2
1116.35	591.2	586
1116.72	583	579.6
1117.11	594.4	602.6
1117.48	578.6	593.4
1117.85	588.4	587.8
1118.24	597.8	593.2
1118.6	584.4	588.2
1118.99	596.2	585
1119.36	587.6	584
1119.73	583.6	583.8
1120.12	589	588.8
1120.49	588.2	583.4
1120.86	592.2	592.2
1121.25	595.2	582.6
1121.62	583.8	585.2
1121.99	583	585.4
1122.38	590.8	588.2
1122.76	594.2	581.4
1123.13	585	588
1123.5	588	580
1123.89	588	589.8
1124.26	577.2	584
1124.63	585.8	590.2
1125	591.4	588.4
1125.4	582	587.8
1125.77	579	587
1126.14	581.2	578.4
1126.51	583	588.8
1126.88	582	592.4
1127.26	578.2	585.8
1127.63	581.2	580.4
1128.02	581.2	586
1128.4	580.8	587
1128.77	580.6	595.2
1129.14	587.2	582
1129.52	593.2	588.8
1129.89	583.6	587.2
1130.26	583.6	588.8
1130.64	575.4	592
1131.01	587	584.6
